{
  "input": "10x10_rect.mcd",
  "deflate_offset": 69,
  "config_text": "PolishTile = TRUE\r\nSteeledTile = TRUE\r\nRockPitchTile = FALSE\r\nBluedTile = TRUE\r\nSingleLineThickness = 0.1000\r\nFrostedLineThickness = 0.2500",
  "geometry": {
    "line_count": 4,
    "arc_count": 0,
    "circle_count": 0,
    "bbox": [
      -5.0,
      0.0,
      5.0,
      10.0
    ]
  },
  "components": [],
  "instances": [],
  "section_header": {
    "section_count": 9,
    "field1": 1,
    "field2": 1,
    "config_length": 141,
    "config_offset": 274,
    "table_bytes": 256,
    "array_count": 7,
    "arrays": [
      [
        769392742,
        3632914943,
        4242080762,
        1394222976,
        4152593259,
        3563528458,
        3100982870,
        1298715471,
        705612895
      ],
      [
        3820034602,
        560208250,
        3309137062,
        354443848,
        3035456390,
        1263154894,
        4150381129,
        1843024840,
        3362489009
      ],
      [
        3948012135,
        15336148,
        199894690,
        16889247,
        603723072,
        98050884,
        1086723122,
        3330736171,
        3461438386
      ],
      [
        1862430704,
        3453998283,
        1902831947,
        1195310773,
        2976774225,
        2849463300,
        4192069997,
        4185652179,
        1634246091
      ],
      [
        2555505611,
        2746076563,
        2839530665,
        3605627067,
        2999537994,
        1714079307,
        2860904501,
        3085513252,
        285118359
      ],
      [
        1765157196,
        1176138718,
        2238153905,
        3187751086,
        2721550965,
        1049238646,
        4256366700,
        1718765678,
        2764819745
      ],
      [
        2434203698,
        1965829942,
        1594943013,
        2398835634,
        491416442,
        2938231485,
        1768225703,
        3866203423,
        2463324894
      ]
    ],
    "sections": [
      [
        769392742,
        3820034602,
        3948012135,
        1862430704,
        2555505611,
        1765157196,
        2434203698
      ],
      [
        3632914943,
        560208250,
        15336148,
        3453998283,
        2746076563,
        1176138718,
        1965829942
      ],
      [
        4242080762,
        3309137062,
        199894690,
        1902831947,
        2839530665,
        2238153905,
        1594943013
      ],
      [
        1394222976,
        354443848,
        16889247,
        1195310773,
        3605627067,
        3187751086,
        2398835634
      ],
      [
        4152593259,
        3035456390,
        603723072,
        2976774225,
        2999537994,
        2721550965,
        491416442
      ],
      [
        3563528458,
        1263154894,
        98050884,
        2849463300,
        1714079307,
        1049238646,
        2938231485
      ],
      [
        3100982870,
        4150381129,
        1086723122,
        4192069997,
        2860904501,
        4256366700,
        1768225703
      ],
      [
        1298715471,
        1843024840,
        3330736171,
        4185652179,
        3085513252,
        1718765678,
        3866203423
      ],
      [
        705612895,
        3362489009,
        3461438386,
        1634246091,
        285118359,
        2764819745,
        2463324894
      ]
    ],
    "table_remainder": "14404e7a"
  }
}