{
  "input": "117149301-SPICER.mcd",
  "deflate_offset": 387,
  "config_text": "PolishTile = TRUE\r\nSteeledTile = TRUE\r\nRockPitchTile = FALSE\r\nBluedTile = TRUE\r\nSingleLineThickness = 0.0800\r\nFrostedLineThickness = 0.2500",
  "geometry": {
    "line_count": 34191,
    "arc_count": 9,
    "circle_count": 34,
    "bbox": [
      -1095.6005859375005,
      -20.78553381784863,
      501.8317871093751,
      40.099029435332724
    ]
  },
  "components": [
    {
      "offset": 423,
      "component_id": 14341,
      "bbox": [
        -1.2143962383270264,
        -1.1641911268234253,
        1.2143962383270264,
        1.177722692489624
      ],
      "header_values": [
        123456789,
        86,
        14341,
        0,
        512,
        0,
        0
      ],
      "circle_count": 29,
      "sub_block_count": 5998
    }
  ],
  "instances": [],
  "section_header": {
    "section_count": 9,
    "field1": 1,
    "field2": 1,
    "config_length": 141,
    "config_offset": 274,
    "table_bytes": 256,
    "array_count": 7,
    "arrays": [
      [
        3383820339,
        1279839081,
        16901243,
        3167044822,
        3768962637,
        3152755748,
        3113822250,
        2211919910,
        1969007381
      ],
      [
        1478670815,
        3954423891,
        4292462377,
        3608932593,
        2662455209,
        3093023203,
        4108274220,
        1417997483,
        223873688
      ],
      [
        361122952,
        3802239051,
        354965526,
        34266375,
        446181242,
        3045434463,
        1383483146,
        4735896,
        1584708573
      ],
      [
        2987592024,
        879237008,
        305541326,
        3736992781,
        181860085,
        790258040,
        2434218098,
        203441920,
        1256068360
      ],
      [
        731381846,
        1854940946,
        3309908404,
        2593256951,
        2129698349,
        238836294,
        3298255824,
        3692625925,
        629558520
      ],
      [
        3787302443,
        2323243377,
        3421362381,
        2071767313,
        1584963227,
        285096468,
        1566743793,
        1499769871,
        3331402040
      ],
      [
        2684324593,
        2414810160,
        1549810834,
        1377467306,
        1918542013,
        3347950305,
        3931452328,
        2285605175,
        3393157906
      ]
    ],
    "sections": [
      [
        3383820339,
        1478670815,
        361122952,
        2987592024,
        731381846,
        3787302443,
        2684324593
      ],
      [
        1279839081,
        3954423891,
        3802239051,
        879237008,
        1854940946,
        2323243377,
        2414810160
      ],
      [
        16901243,
        4292462377,
        354965526,
        305541326,
        3309908404,
        3421362381,
        1549810834
      ],
      [
        3167044822,
        3608932593,
        34266375,
        3736992781,
        2593256951,
        2071767313,
        1377467306
      ],
      [
        3768962637,
        2662455209,
        446181242,
        181860085,
        2129698349,
        1584963227,
        1918542013
      ],
      [
        3152755748,
        3093023203,
        3045434463,
        790258040,
        238836294,
        285096468,
        3347950305
      ],
      [
        3113822250,
        4108274220,
        1383483146,
        2434218098,
        3298255824,
        1566743793,
        3931452328
      ],
      [
        2211919910,
        1417997483,
        4735896,
        203441920,
        3692625925,
        1499769871,
        2285605175
      ],
      [
        1969007381,
        223873688,
        1584708573,
        1256068360,
        629558520,
        3331402040,
        3393157906
      ]
    ],
    "table_remainder": "81d7c3e9"
  }
}