{
  "input": "GRIFFIN Locked.mcd",
  "deflate_offset": 70,
  "config_text": "PolishTile = TRUE\r\nSteeledTile = TRUE\r\nRockPitchTile = FALSE\r\nBluedTile = TRUE\r\nSingleLineThickness = 0.0800\r\nFrostedLineThickness = 0.3750",
  "geometry": {
    "line_count": 4,
    "arc_count": 0,
    "circle_count": 0,
    "bbox": [
      -12.0,
      0.0,
      12.0,
      12.0
    ]
  },
  "components": [],
  "instances": [],
  "section_header": {
    "section_count": 9,
    "field1": 1,
    "field2": 1,
    "config_length": 141,
    "config_offset": 273,
    "table_bytes": 255,
    "array_count": 7,
    "arrays": [
      [
        760628736,
        3776517309,
        1239865821,
        365941155,
        2530448365,
        470150256,
        4046250087,
        2872086200,
        3422311386
      ],
      [
        938144190,
        436231374,
        586066726,
        475441700,
        1516963909,
        1900185627,
        3083910601,
        1849792178,
        2262556449
      ],
      [
        821099808,
        454374965,
        2838754951,
        4231012092,
        1673591674,
        4000846848,
        1560267072,
        3805485387,
        2047044211
      ],
      [
        2230991665,
        1658840940,
        2473259543,
        4209747445,
        1652960597,
        2845850409,
        3576517798,
        2103422138,
        3018972147
      ],
      [
        3646962310,
        2627682739,
        2445714709,
        1852284093,
        2742484022,
        679126258,
        1302585177,
        1464808115,
        3231991762
      ],
      [
        23548540,
        3501128449,
        3315354391,
        2168516822,
        4127200737,
        3696494686,
        3003192331,
        2350638245,
        148029242
      ],
      [
        3832507462,
        851277636,
        1140099359,
        3403135982,
        1791035211,
        4203405636,
        4015526487,
        398251462,
        308432100
      ]
    ],
    "sections": [
      [
        760628736,
        938144190,
        821099808,
        2230991665,
        3646962310,
        23548540,
        3832507462
      ],
      [
        3776517309,
        436231374,
        454374965,
        1658840940,
        2627682739,
        3501128449,
        851277636
      ],
      [
        1239865821,
        586066726,
        2838754951,
        2473259543,
        2445714709,
        3315354391,
        1140099359
      ],
      [
        365941155,
        475441700,
        4231012092,
        4209747445,
        1852284093,
        2168516822,
        3403135982
      ],
      [
        2530448365,
        1516963909,
        1673591674,
        1652960597,
        2742484022,
        4127200737,
        1791035211
      ],
      [
        470150256,
        1900185627,
        4000846848,
        2845850409,
        679126258,
        3696494686,
        4203405636
      ],
      [
        4046250087,
        3083910601,
        1560267072,
        3576517798,
        1302585177,
        3003192331,
        4015526487
      ],
      [
        2872086200,
        1849792178,
        3805485387,
        2103422138,
        1464808115,
        2350638245,
        398251462
      ],
      [
        3422311386,
        2262556449,
        2047044211,
        3018972147,
        3231991762,
        148029242,
        308432100
      ]
    ],
    "table_remainder": "5f6b88"
  }
}