{
  "input": "MONU-CAD_Win95_copy\\Mcc\\Demo-ALL\\HANDS96.mcc",
  "payload_type": "component",
  "deflate_offset": 86,
  "config_text": "Q\u00000\u0001\u0000`\u001b\u00146_\u001dq4zcWV\u0019\u001fKu\u0004\u0014\u0011\u000f\u000e\u0006\b{lkknlA497Z`Np?\r1RA<\u001a5jKNB:INVv9\u0017MT\t\u0019\u000ey& \u0018%\u0002\u0000rjb*d<z0\u0015\u0002o\"Z'0c}.eS&n#$\u0006ya<p\u0006S\u0011@&OU$$w4A\u0002\u0010|Kk\\U5\u001f[;T\u007fMBL\u0012@'\u0001\u0000\u0001\u0000\u0014\u0000CComponentDefinition",
  "geometry": null,
  "components": [
    {
      "offset": 264,
      "component_id": 1852394563,
      "bbox": [
        0.0,
        0.0,
        0.0,
        0.0
      ],
      "header_values": [
        4294902041,
        327681,
        1852394563,
        101,
        512,
        4112007168,
        3170336958
      ],
      "circle_count": 0,
      "sub_block_count": 0
    }
  ],
  "instances": [],
  "section_header": {
    "section_count": 9,
    "field1": 1310721,
    "field2": 1,
    "config_offset": null,
    "config_length": null,
    "table_bytes": 256,
    "array_count": 7,
    "arrays": [
      [
        817102929,
        459276289,
        1605383700,
        3891779613,
        885834353,
        2062350517,
        4267945425,
        425103191,
        3679188511
      ],
      [
        335836574,
        3088027665,
        2064123406,
        3736169602,
        1808436411,
        4110003819,
        1099197550,
        4046928180,
        1884184666
      ],
      [
        227557302,
        1386791473,
        1103166353,
        2978168022,
        1265251610,
        1321128847,
        3436823489,
        977446291,
        2320084735
      ],
      [
        964056654,
        1303517108,
        156533239,
        2030998041,
        3270059708,
        3475314720,
        1785856002,
        1013197410,
        2763094730
      ],
      [
        3313971348,
        360766643,
        1512206082,
        814098354,
        2575165027,
        1401578798,
        3350193315,
        1848040161,
        2410006563
      ],
      [
        3547924004,
        1020170593,
        1403782768,
        3893478389,
        3489343040,
        2276325967,
        1441837551,
        617133039,
        1093957412
      ],
      [
        1266421762,
        1808438461,
        4250229902,
        4109222709,
        3998999071,
        2788932999,
        1419957213,
        2140598945,
        2571291725
      ]
    ],
    "sections": [
      [
        817102929,
        335836574,
        227557302,
        964056654,
        3313971348,
        3547924004,
        1266421762
      ],
      [
        459276289,
        3088027665,
        1386791473,
        1303517108,
        360766643,
        1020170593,
        1808438461
      ],
      [
        1605383700,
        2064123406,
        1103166353,
        156533239,
        1512206082,
        1403782768,
        4250229902
      ],
      [
        3891779613,
        3736169602,
        2978168022,
        2030998041,
        814098354,
        3893478389,
        4109222709
      ],
      [
        885834353,
        1808436411,
        1265251610,
        3270059708,
        2575165027,
        3489343040,
        3998999071
      ],
      [
        2062350517,
        4110003819,
        1321128847,
        3475314720,
        1401578798,
        2276325967,
        2788932999
      ],
      [
        4267945425,
        1099197550,
        3436823489,
        1785856002,
        3350193315,
        1441837551,
        1419957213
      ],
      [
        425103191,
        4046928180,
        977446291,
        1013197410,
        1848040161,
        617133039,
        2140598945
      ],
      [
        3679188511,
        1884184666,
        2320084735,
        2763094730,
        2410006563,
        1093957412,
        2571291725
      ]
    ],
    "table_tail": "4c124027",
    "metadata": "0100ffff01001400"
  },
  "glyphs": []
}