{
  "input": "locked.mcd",
  "deflate_offset": 69,
  "config_text": "PolishTile = TRUE\r\nSteeledTile = TRUE\r\nRockPitchTile = FALSE\r\nBluedTile = TRUE\r\nSingleLineThickness = 0.0800\r\nFrostedLineThickness = 0.3750",
  "geometry": {
    "line_count": 4,
    "arc_count": 0,
    "circle_count": 0,
    "bbox": [
      -12.0,
      0.0,
      12.0,
      12.0
    ]
  },
  "components": [],
  "instances": [],
  "section_header": {
    "section_count": 9,
    "field1": 1,
    "field2": 1,
    "config_length": 141,
    "config_offset": 274,
    "table_bytes": 256,
    "array_count": 7,
    "arrays": [
      [
        3034513448,
        3151172370,
        2144607192,
        3646132003,
        220107983,
        3046750525,
        659717832,
        3171673289,
        1429528759
      ],
      [
        502672010,
        852510158,
        702578062,
        485669291,
        2638465165,
        4147581172,
        3588078541,
        1418749588,
        2138469272
      ],
      [
        3394188622,
        3207438109,
        4126124865,
        1338946987,
        2851300660,
        425737164,
        984755494,
        2853686351,
        352621767
      ],
      [
        2210786893,
        3915862344,
        4246839275,
        3944546561,
        274004139,
        408368058,
        3575220279,
        375454805,
        1600724
      ],
      [
        805336400,
        1281112770,
        1528322768,
        1820620590,
        93867666,
        2521784034,
        760113924,
        3969303,
        2220466741
      ],
      [
        2561916109,
        1006800793,
        3692916946,
        2932331887,
        4219072049,
        88106850,
        628764730,
        2934560645,
        1789327267
      ],
      [
        2409593958,
        2534892006,
        3887268814,
        2597278016,
        1046895070,
        142003455,
        385895600,
        2997944954,
        3091977359
      ]
    ],
    "sections": [
      [
        3034513448,
        502672010,
        3394188622,
        2210786893,
        805336400,
        2561916109,
        2409593958
      ],
      [
        3151172370,
        852510158,
        3207438109,
        3915862344,
        1281112770,
        1006800793,
        2534892006
      ],
      [
        2144607192,
        702578062,
        4126124865,
        4246839275,
        1528322768,
        3692916946,
        3887268814
      ],
      [
        3646132003,
        485669291,
        1338946987,
        3944546561,
        1820620590,
        2932331887,
        2597278016
      ],
      [
        220107983,
        2638465165,
        2851300660,
        274004139,
        93867666,
        4219072049,
        1046895070
      ],
      [
        3046750525,
        4147581172,
        425737164,
        408368058,
        2521784034,
        88106850,
        142003455
      ],
      [
        659717832,
        3588078541,
        984755494,
        3575220279,
        760113924,
        628764730,
        385895600
      ],
      [
        3171673289,
        1418749588,
        2853686351,
        375454805,
        3969303,
        2934560645,
        2997944954
      ],
      [
        1429528759,
        2138469272,
        352621767,
        1600724,
        2220466741,
        1789327267,
        3091977359
      ]
    ],
    "table_remainder": "720ed1ef"
  }
}