{
  "input": "unlocked.mcd",
  "deflate_offset": 69,
  "config_text": "PolishTile = TRUE\r\nSteeledTile = TRUE\r\nRockPitchTile = FALSE\r\nBluedTile = TRUE\r\nSingleLineThickness = 0.0800\r\nFrostedLineThickness = 0.3750",
  "geometry": {
    "line_count": 4,
    "arc_count": 0,
    "circle_count": 0,
    "bbox": [
      -12.0,
      0.0,
      12.0,
      12.0
    ]
  },
  "components": [],
  "instances": [],
  "section_header": {
    "section_count": 9,
    "field1": 1,
    "field2": 1,
    "config_length": 141,
    "config_offset": 274,
    "table_bytes": 256,
    "array_count": 7,
    "arrays": [
      [
        1447428142,
        420789549,
        3873037793,
        3486622537,
        3549687061,
        99381398,
        752903964,
        814659825,
        4233353899
      ],
      [
        3941711563,
        6082103,
        4004193818,
        1453990946,
        1795704092,
        1116216154,
        3502098801,
        1100395191,
        3688833390
      ],
      [
        4043120774,
        355874096,
        871794459,
        807337129,
        3237706492,
        2014576739,
        4291379438,
        3541650268,
        57308130
      ],
      [
        4198183290,
        3756485764,
        1794250594,
        3953522067,
        2251118074,
        2688231778,
        760522409,
        1605155541,
        4057723773
      ],
      [
        1614448307,
        2671883225,
        3332707740,
        1738325393,
        1996240494,
        2057630371,
        2749323560,
        1328722765,
        2756170327
      ],
      [
        1733459136,
        2935685377,
        2622166992,
        1089525445,
        1433985,
        1409834742,
        18090972,
        467969459,
        3535747724
      ],
      [
        1869366792,
        3178710244,
        4102627122,
        3619417667,
        3238480842,
        2330018922,
        1477597178,
        3168126703,
        1649206295
      ]
    ],
    "sections": [
      [
        1447428142,
        3941711563,
        4043120774,
        4198183290,
        1614448307,
        1733459136,
        1869366792
      ],
      [
        420789549,
        6082103,
        355874096,
        3756485764,
        2671883225,
        2935685377,
        3178710244
      ],
      [
        3873037793,
        4004193818,
        871794459,
        1794250594,
        3332707740,
        2622166992,
        4102627122
      ],
      [
        3486622537,
        1453990946,
        807337129,
        3953522067,
        1738325393,
        1089525445,
        3619417667
      ],
      [
        3549687061,
        1795704092,
        3237706492,
        2251118074,
        1996240494,
        1433985,
        3238480842
      ],
      [
        99381398,
        1116216154,
        2014576739,
        2688231778,
        2057630371,
        1409834742,
        2330018922
      ],
      [
        752903964,
        3502098801,
        4291379438,
        760522409,
        2749323560,
        18090972,
        1477597178
      ],
      [
        814659825,
        1100395191,
        3541650268,
        1605155541,
        1328722765,
        467969459,
        3168126703
      ],
      [
        4233353899,
        3688833390,
        57308130,
        4057723773,
        2756170327,
        3535747724,
        1649206295
      ]
    ],
    "table_remainder": "125f6b88"
  }
}